0.20512820512820512,0.10256410256410256,0.10256410256410256,0.10256410256410256,0.10256410256410256,0.10256410256410256,0.10256410256410256,0.10256410256410256,0.10256410256410256,0.1282051282051282,0.10256410256410256,0.10256410256410256,0.10256410256410256,0.10256410256410256,0.10256410256410256,0.0,0.1282051282051282,0.10256410256410256,0.10256410256410256,0.10256410256410256,0.10256410256410256,0.10256410256410256,0.10256410256410256,0.10256410256410256,0.8333333333333333,0.15384615384615385,0.10256410256410256,0.10256410256410256,0.10256410256410256,0.10256410256410256,0.10256410256410256,0.10256410256410256,0.14102564102564102,0.11538461538461538,0.10256410256410256,0.10256410256410256,0.10256410256410256,0.10256410256410256,0.10256410256410256,0.10256410256410256,0.10256410256410256,0.10256410256410256,0.10256410256410256,0.10256410256410256,0.10256410256410256,0.10256410256410256,0.10256410256410256,0.10256410256410256,0.10256410256410256,0.10256410256410256,0.10256410256410256,0.10256410256410256,0.10256410256410256,0.10256410256410256,0.10256410256410256,0.10256410256410256,0.10256410256410256,0.10256410256410256,0.10256410256410256,0.11538461538461538,0.10256410256410256,0.10256410256410256,0.0,0.10256410256410256
0.9,1.8,0.9,0.9,0.9,0.9,0.9,0.9,0.9,1.0,0.9,0.9,0.9,0.9,0.9,0.0,0.9,0.9,0.9,0.9,0.9,0.9,0.9,0.9,0.9,0.9,0.9,0.9,0.9,0.9,0.9,0.9,0.9,0.9,0.9,0.9,0.9,0.9,0.9,0.9,0.9,0.9,0.9,0.9,0.9,0.9,0.9,0.9,0.9,0.9,0.9,0.9,0.9,0.9,0.9,0.9,0.9,0.9,0.9,0.9,0.9,0.9,0.0,0.9
0.011876484560570071,0.013064133016627079,0.023752969121140142,0.011876484560570071,0.011876484560570071,0.011876484560570071,0.011876484560570071,0.011876484560570071,0.011876484560570071,0.011876484560570071,0.013064133016627079,0.011876484560570071,0.011876484560570071,0.011876484560570071,0.011876484560570071,0.0,0.011876484560570071,0.011876484560570071,0.011876484560570071,0.011876484560570071,0.011876484560570071,0.011876484560570071,0.011876484560570071,0.011876484560570071,0.011876484560570071,0.011876484560570071,0.011876484560570071,0.011876484560570071,0.011876484560570071,0.011876484560570071,0.011876484560570071,0.011876484560570071,0.011876484560570071,0.011876484560570071,0.011876484560570071,0.011876484560570071,0.011876484560570071,0.011876484560570071,0.011876484560570071,0.011876484560570071,0.011876484560570071,0.011876484560570071,0.014251781472684084,0.0344418052256532,0.017814726840855107,0.011876484560570071,0.02019002375296912,0.06769596199524941,0.011876484560570071,0.011876484560570071,0.02969121140142518,0.8681710213776722,0.02019002375296912,0.011876484560570071,0.011876484560570071,0.011876484560570071,0.011876484560570071,0.011876484560570071,0.011876484560570071,0.02019002375296912,0.011876484560570071,0.011876484560570071,0.0,0.011876484560570071
1.0,1.0,1.0,2.0,1.0,1.0,1.0,1.0,1.0,1.0,1.0,1.0,1.0,1.0,1.0,0.0,1.0,1.0,1.0,1.0,1.0,1.0,1.0,1.0,1.0,1.0,1.0,1.0,1.0,1.0,1.0,1.0,1.0,1.0,1.0,1.0,1.0,1.0,1.0,1.0,1.0,1.0,1.0,1.0,1.0,1.0,1.0,1.0,1.0,1.0,1.0,1.0,1.0,1.0,1.0,1.0,1.0,1.0,1.0,1.0,1.0,1.0,0.0,1.0
0.006666666666666667,0.006666666666666667,0.006666666666666667,0.007777777777777778,0.013333333333333334,0.006666666666666667,0.006666666666666667,0.006666666666666667,0.006666666666666667,0.006666666666666667,0.006666666666666667,0.007777777777777778,0.007777777777777778,0.007777777777777778,0.006666666666666667,0.0,0.006666666666666667,0.006666666666666667,0.006666666666666667,0.008888888888888889,0.10666666666666667,0.006666666666666667,0.006666666666666667,0.006666666666666667,0.006666666666666667,0.006666666666666667,0.006666666666666667,0.013333333333333334,0.01888888888888889,0.008888888888888889,0.006666666666666667,0.006666666666666667,0.006666666666666667,0.006666666666666667,0.03888888888888889,0.7311111111111112,0.031111111111111114,0.006666666666666667,0.006666666666666667,0.006666666666666667,0.006666666666666667,0.006666666666666667,0.007777777777777778,0.03666666666666667,0.013333333333333334,0.006666666666666667,0.006666666666666667,0.006666666666666667,0.006666666666666667,0.006666666666666667,0.006666666666666667,0.006666666666666667,0.006666666666666667,0.007777777777777778,0.006666666666666667,0.006666666666666667,0.006666666666666667,0.006666666666666667,0.006666666666666667,0.006666666666666667,0.007777777777777778,0.051111111111111114,0.0,0.006666666666666667
0.03982300884955752,0.03982300884955752,0.03982300884955752,0.03982300884955752,0.04424778761061947,0.07964601769911504,0.03982300884955752,0.03982300884955752,0.03982300884955752,0.03982300884955752,0.03982300884955752,0.03982300884955752,0.03982300884955752,0.03982300884955752,0.03982300884955752,0.0,0.03982300884955752,0.03982300884955752,0.04424778761061947,0.03982300884955752,0.03982300884955752,0.03982300884955752,0.03982300884955752,0.03982300884955752,0.03982300884955752,0.08849557522123894,0.8761061946902654,0.05309734513274336,0.04424778761061947,0.03982300884955752,0.03982300884955752,0.03982300884955752,0.03982300884955752,0.04424778761061947,0.07964601769911504,0.04424778761061947,0.03982300884955752,0.03982300884955752,0.03982300884955752,0.03982300884955752,0.03982300884955752,0.03982300884955752,0.03982300884955752,0.03982300884955752,0.03982300884955752,0.03982300884955752,0.03982300884955752,0.03982300884955752,0.03982300884955752,0.03982300884955752,0.03982300884955752,0.03982300884955752,0.03982300884955752,0.03982300884955752,0.03982300884955752,0.03982300884955752,0.03982300884955752,0.03982300884955752,0.03982300884955752,0.03982300884955752,0.03982300884955752,0.03982300884955752,0.0,0.03982300884955752
0.7358490566037735,0.7358490566037735,0.7358490566037735,0.7358490566037735,0.7358490566037735,0.7641509433962264,1.471698113207547,0.7358490566037735,0.8396226415094339,0.7452830188679245,0.7358490566037735,0.7358490566037735,0.7358490566037735,0.7641509433962264,0.8113207547169811,0.0,0.7452830188679245,0.7452830188679245,0.7358490566037735,0.7358490566037735,0.7358490566037735,0.7358490566037735,0.7358490566037735,0.7358490566037735,0.7358490566037735,0.7358490566037735,0.7358490566037735,0.7358490566037735,0.7358490566037735,0.7358490566037735,0.7358490566037735,0.7358490566037735,0.7358490566037735,0.7358490566037735,0.7358490566037735,0.7358490566037735,0.7358490566037735,0.7358490566037735,0.7358490566037735,0.7358490566037735,0.7358490566037735,0.7358490566037735,0.7358490566037735,0.7358490566037735,0.7358490566037735,0.7358490566037735,0.7358490566037735,0.7358490566037735,0.7358490566037735,0.7358490566037735,0.7358490566037735,0.7358490566037735,0.7358490566037735,0.7358490566037735,0.7358490566037735,0.7358490566037735,0.7358490566037735,0.7358490566037735,0.7358490566037735,0.7358490566037735,0.7358490566037735,0.7358490566037735,0.0,0.7358490566037735
0.019097222222222224,0.019097222222222224,0.019097222222222224,0.019097222222222224,0.019097222222222224,0.019097222222222224,0.02777777777777778,0.03819444444444445,0.019097222222222224,0.019097222222222224,0.019097222222222224,0.019097222222222224,0.019097222222222224,0.019097222222222224,0.019097222222222224,0.0,0.019097222222222224,0.019097222222222224,0.019097222222222224,0.019097222222222224,0.019097222222222224,0.019097222222222224,0.019097222222222224,0.019097222222222224,0.019097222222222224,0.019097222222222224,0.019097222222222224,0.019097222222222224,0.019097222222222224,0.019097222222222224,0.020833333333333336,0.034722222222222224,0.019097222222222224,0.022569444444444448,0.03993055555555555,0.019097222222222224,0.019097222222222224,0.019097222222222224,0.019097222222222224,0.019097222222222224,0.019097222222222224,0.03819444444444445,0.8107638888888888,0.034722222222222224,0.020833333333333336,0.020833333333333336,0.019097222222222224,0.020833333333333336,0.019097222222222224,0.022569444444444448,0.036458333333333336,0.019097222222222224,0.019097222222222224,0.019097222222222224,0.019097222222222224,0.09722222222222222,0.019097222222222224,0.019097222222222224,0.019097222222222224,0.019097222222222224,0.019097222222222224,0.019097222222222224,0.0,0.019097222222222224
0.10377358490566038,0.10377358490566038,0.10377358490566038,0.10377358490566038,0.10377358490566038,0.1320754716981132,0.8396226415094339,0.10377358490566038,0.20754716981132076,0.11320754716981132,0.10377358490566038,0.10377358490566038,0.10377358490566038,0.1320754716981132,0.17924528301886794,0.0,0.11320754716981132,0.11320754716981132,0.10377358490566038,0.10377358490566038,0.10377358490566038,0.10377358490566038,0.10377358490566038,0.10377358490566038,0.10377358490566038,0.10377358490566038,0.10377358490566038,0.10377358490566038,0.10377358490566038,0.10377358490566038,0.10377358490566038,0.10377358490566038,0.10377358490566038,0.10377358490566038,0.10377358490566038,0.10377358490566038,0.10377358490566038,0.10377358490566038,0.10377358490566038,0.10377358490566038,0.10377358490566038,0.10377358490566038,0.10377358490566038,0.10377358490566038,0.10377358490566038,0.10377358490566038,0.10377358490566038,0.10377358490566038,0.10377358490566038,0.10377358490566038,0.10377358490566038,0.10377358490566038,0.10377358490566038,0.10377358490566038,0.10377358490566038,0.10377358490566038,0.10377358490566038,0.10377358490566038,0.10377358490566038,0.10377358490566038,0.10377358490566038,0.10377358490566038,0.0,0.10377358490566038
0.2915254237288135,0.2915254237288135,0.28983050847457625,0.28983050847457625,0.28983050847457625,0.28983050847457625,0.28983050847457625,0.28983050847457625,0.28983050847457625,0.5796610169491525,0.28983050847457625,0.28983050847457625,0.28983050847457625,0.28983050847457625,0.3,0.0,0.28983050847457625,0.29322033898305083,0.28983050847457625,0.28983050847457625,0.28983050847457625,0.2949152542372881,0.36610169491525424,0.28983050847457625,0.28983050847457625,0.28983050847457625,0.2915254237288135,0.28983050847457625,0.2915254237288135,0.28983050847457625,0.29322033898305083,0.28983050847457625,0.28983050847457625,0.28983050847457625,0.28983050847457625,0.2915254237288135,0.30338983050847457,0.5711864406779661,0.28983050847457625,0.2915254237288135,0.28983050847457625,0.28983050847457625,0.28983050847457625,0.2915254237288135,0.3135593220338983,0.5593220338983051,0.2966101694915254,0.28983050847457625,0.28983050847457625,0.28983050847457625,0.28983050847457625,0.29322033898305083,0.28983050847457625,0.2915254237288135,0.28983050847457625,0.28983050847457625,0.28983050847457625,0.28983050847457625,0.28983050847457625,0.28983050847457625,0.28983050847457625,0.28983050847457625,0.0,0.28983050847457625
0.11363636363636363,0.11363636363636363,0.11363636363636363,0.11363636363636363,0.11363636363636363,0.11363636363636363,0.11363636363636363,0.11363636363636363,0.11363636363636363,0.12121212121212122,0.22727272727272727,0.11363636363636363,0.11363636363636363,0.11363636363636363,0.11363636363636363,0.0,0.11363636363636363,0.11363636363636363,0.11363636363636363,0.11363636363636363,0.11363636363636363,0.11363636363636363,0.11363636363636363,0.11363636363636363,0.11363636363636363,0.11363636363636363,0.11363636363636363,0.11363636363636363,0.11363636363636363,0.11363636363636363,0.11363636363636363,0.11363636363636363,0.11363636363636363,0.11363636363636363,0.11363636363636363,0.11363636363636363,0.11363636363636363,0.11363636363636363,0.11363636363636363,0.12878787878787878,0.11363636363636363,0.11363636363636363,0.11363636363636363,0.12121212121212122,0.11363636363636363,0.11363636363636363,0.11363636363636363,0.11363636363636363,0.11363636363636363,0.1590909090909091,0.11363636363636363,0.11363636363636363,0.11363636363636363,0.11363636363636363,0.11363636363636363,0.11363636363636363,0.12121212121212122,0.8636363636363636,0.1590909090909091,0.12121212121212122,0.11363636363636363,0.11363636363636363,0.0,0.11363636363636363
0.11335012594458438,0.11335012594458438,0.11335012594458438,0.11335012594458438,0.11335012594458438,0.11335012594458438,0.11335012594458438,0.11335012594458438,0.11335012594458438,0.11335012594458438,0.11460957178841309,0.22670025188916876,0.11335012594458438,0.11335012594458438,0.11460957178841309,0.0,0.11335012594458438,0.11335012594458438,0.11335012594458438,0.11964735516372796,0.11335012594458438,0.11335012594458438,0.11335012594458438,0.11335012594458438,0.11335012594458438,0.11335012594458438,0.11335012594458438,0.11712846347607052,0.13476070528967254,0.11712846347607052,0.11335012594458438,0.11335012594458438,0.11335012594458438,0.11335012594458438,0.11335012594458438,0.15491183879093198,0.8929471032745592,0.1158690176322418,0.11335012594458438,0.11335012594458438,0.11335012594458438,0.11335012594458438,0.11335012594458438,0.11712846347607052,0.13476070528967254,0.11335012594458438,0.11335012594458438,0.11335012594458438,0.11335012594458438,0.11335012594458438,0.11335012594458438,0.11335012594458438,0.11335012594458438,0.11335012594458438,0.11335012594458438,0.11335012594458438,0.11335012594458438,0.11335012594458438,0.11335012594458438,0.11335012594458438,0.11335012594458438,0.11335012594458438,0.0,0.11335012594458438
0.0,0.0,0.0,0.0,0.0,0.0,0.0,0.0,0.0,0.0,0.0,0.0,0.0,0.0,0.0,0.0,0.0,0.0,0.0,0.0,0.0,0.0,0.0,0.0,0.0,0.0,0.0,0.0,0.0,0.0,0.0,0.0,0.0,0.0,0.0,0.0,0.0,0.0,0.0,0.0,0.0,0.0,0.0,0.0,0.0,0.0,0.0,0.0,0.0,0.0,0.0,0.0,0.0,0.0,0.0,0.0,0.0,0.0,0.0,0.0,0.0,0.0,0.0,0.0
0.05944055944055944,0.05944055944055944,0.05944055944055944,0.05944055944055944,0.05944055944055944,0.05944055944055944,0.05944055944055944,0.05944055944055944,0.05944055944055944,0.05944055944055944,0.05944055944055944,0.05944055944055944,0.06293706293706294,0.11888111888111888,0.05944055944055944,0.0,0.05944055944055944,0.05944055944055944,0.05944055944055944,0.05944055944055944,0.05944055944055944,0.06643356643356643,0.05944055944055944,0.05944055944055944,0.05944055944055944,0.05944055944055944,0.05944055944055944,0.05944055944055944,0.05944055944055944,0.05944055944055944,0.05944055944055944,0.05944055944055944,0.06293706293706294,0.05944055944055944,0.05944055944055944,0.05944055944055944,0.05944055944055944,0.05944055944055944,0.05944055944055944,0.05944055944055944,0.06993006993006994,0.06643356643356643,0.05944055944055944,0.05944055944055944,0.06293706293706294,0.07692307692307693,0.4230769230769231,0.05944055944055944,0.5314685314685315,0.0944055944055944,0.05944055944055944,0.05944055944055944,0.05944055944055944,0.05944055944055944,0.05944055944055944,0.05944055944055944,0.07692307692307693,0.05944055944055944,0.05944055944055944,0.05944055944055944,0.05944055944055944,0.05944055944055944,0.0,0.05944055944055944
0.6208133971291866,0.6208133971291866,0.6208133971291866,0.6208133971291866,0.6208133971291866,0.6208133971291866,0.6208133971291866,0.6208133971291866,0.6208133971291866,0.6208133971291866,0.6208133971291866,0.6208133971291866,0.6220095693779905,0.6267942583732057,1.2416267942583732,0.0,0.6208133971291866,0.6232057416267942,0.6208133971291866,0.6208133971291866,0.6220095693779905,0.6244019138755981,0.6291866028708134,0.6411483253588517,0.6220095693779905,0.9198564593301435,0.6327751196172249,0.6220095693779905,0.6208133971291866,0.6220095693779905,0.6208133971291866,0.6208133971291866,0.6220095693779905,0.638755980861244,0.6220095693779905,0.6208133971291866,0.6208133971291866,0.6208133971291866,0.6208133971291866,0.6208133971291866,0.6208133971291866,0.6208133971291866,0.6208133971291866,0.6220095693779905,0.6208133971291866,0.6208133971291866,0.6208133971291866,0.6208133971291866,0.6208133971291866,0.6208133971291866,0.6208133971291866,0.6208133971291866,0.6208133971291866,0.6208133971291866,0.6208133971291866,0.6208133971291866,0.6208133971291866,0.6208133971291866,0.6208133971291866,0.6208133971291866,0.6208133971291866,0.6208133971291866,0.0,0.6208133971291866
0.0,0.0,0.0,0.0,0.0,0.0,0.0,0.0,0.0,0.0,0.0,0.0,0.0,0.0,0.0,0.0,0.0,0.0,0.0,0.0,0.0,0.0,0.0,0.0,0.0,0.0,0.0,0.0,0.0,0.0,0.0,0.0,0.0,0.0,0.0,0.0,0.0,0.0,0.0,0.0,0.0,0.0,0.0,0.0,0.0,0.0,0.0,0.0,0.0,0.0,0.0,0.0,0.0,0.0,0.0,0.0,0.0,0.0,0.0,0.0,0.0,0.0,0.0,0.0
0.9230769230769231,0.9230769230769231,0.9230769230769231,0.9230769230769231,0.9230769230769231,0.9230769230769231,0.9230769230769231,0.9230769230769231,0.9230769230769231,0.9230769230769231,0.9230769230769231,0.9230769230769231,0.9230769230769231,0.9230769230769231,0.9230769230769231,0.0,1.8461538461538463,1.0,0.9230769230769231,0.9230769230769231,0.9230769230769231,0.9230769230769231,0.9230769230769231,0.9230769230769231,0.9230769230769231,0.9230769230769231,0.9230769230769231,0.9230769230769231,0.9230769230769231,0.9230769230769231,0.9230769230769231,0.9230769230769231,0.9230769230769231,0.9230769230769231,0.9230769230769231,0.9230769230769231,0.9230769230769231,0.9230769230769231,0.9230769230769231,0.9230769230769231,0.9230769230769231,0.9230769230769231,0.9230769230769231,0.9230769230769231,0.9230769230769231,0.9230769230769231,0.9230769230769231,0.9230769230769231,0.9230769230769231,0.9230769230769231,0.9230769230769231,0.9230769230769231,0.9230769230769231,0.9230769230769231,0.9230769230769231,0.9230769230769231,0.9230769230769231,0.9230769230769231,0.9230769230769231,0.9230769230769231,0.9230769230769231,0.9230769230769231,0.0,0.9230769230769231
0.8783783783783784,0.8783783783783784,0.8783783783783784,0.8783783783783784,0.8783783783783784,0.8783783783783784,0.8783783783783784,0.8783783783783784,0.8783783783783784,0.9054054054054055,0.8783783783783784,0.8783783783783784,0.8783783783783784,0.8783783783783784,0.8783783783783784,0.0,0.8783783783783784,1.7567567567567568,0.8783783783783784,0.8783783783783784,0.8783783783783784,0.8783783783783784,0.8783783783783784,0.8783783783783784,0.8783783783783784,0.918918918918919,0.9324324324324325,0.8783783783783784,0.8783783783783784,0.8783783783783784,0.8783783783783784,0.8783783783783784,0.8783783783783784,0.8783783783783784,0.8783783783783784,0.8783783783783784,0.8783783783783784,0.8783783783783784,0.8783783783783784,0.8783783783783784,0.8783783783783784,0.8783783783783784,0.8783783783783784,0.8783783783783784,0.8783783783783784,0.8783783783783784,0.8783783783783784,0.8783783783783784,0.8783783783783784,0.8783783783783784,0.8783783783783784,0.8783783783783784,0.8783783783783784,0.8783783783783784,0.8783783783783784,0.8783783783783784,0.8783783783783784,0.8783783783783784,0.8783783783783784,0.8783783783783784,0.8783783783783784,0.8783783783783784,0.0,0.8783783783783784
0.05421686746987952,0.05421686746987952,0.05421686746987952,0.05421686746987952,0.05421686746987952,0.05421686746987952,0.05421686746987952,0.05421686746987952,0.05421686746987952,0.05421686746987952,0.05421686746987952,0.057228915662650606,0.09036144578313253,0.05421686746987952,0.057228915662650606,0.0,0.05421686746987952,0.057228915662650606,0.10843373493975904,0.057228915662650606,0.05421686746987952,0.05421686746987952,0.05421686746987952,0.05421686746987952,0.05421686746987952,0.05421686746987952,0.06325301204819277,0.057228915662650606,0.05421686746987952,0.05421686746987952,0.05421686746987952,0.05421686746987952,0.05421686746987952,0.05421686746987952,0.057228915662650606,0.05421686746987952,0.05421686746987952,0.05421686746987952,0.05421686746987952,0.05421686746987952,0.05421686746987952,0.05421686746987952,0.05421686746987952,0.05421686746987952,0.05421686746987952,0.05421686746987952,0.05421686746987952,0.05421686746987952,0.05421686746987952,0.05421686746987952,0.060240963855421686,0.08132530120481928,0.060240963855421686,0.05421686746987952,0.05421686746987952,0.05421686746987952,0.05421686746987952,0.060240963855421686,0.06626506024096386,0.8765060240963856,0.057228915662650606,0.05421686746987952,0.0,0.05421686746987952
0.9388888888888889,0.9388888888888889,0.9388888888888889,0.9388888888888889,0.9388888888888889,0.9388888888888889,0.9388888888888889,0.9388888888888889,0.9388888888888889,0.9388888888888889,0.9388888888888889,0.95,0.9388888888888889,0.9388888888888889,0.9388888888888889,0.0,0.9388888888888889,0.9388888888888889,0.9444444444444444,1.8777777777777778,0.9444444444444444,0.9388888888888889,0.9388888888888889,0.9388888888888889,0.9388888888888889,0.9388888888888889,0.9388888888888889,0.9611111111111111,0.9444444444444444,0.9388888888888889,0.9388888888888889,0.9388888888888889,0.9388888888888889,0.9388888888888889,0.9388888888888889,0.9444444444444444,0.9444444444444444,0.9388888888888889,0.9388888888888889,0.9388888888888889,0.9388888888888889,0.9388888888888889,0.9388888888888889,0.9388888888888889,0.9388888888888889,0.9388888888888889,0.9388888888888889,0.9388888888888889,0.9388888888888889,0.9388888888888889,0.9388888888888889,0.9388888888888889,0.9388888888888889,0.9388888888888889,0.9388888888888889,0.9388888888888889,0.9388888888888889,0.9388888888888889,0.9388888888888889,0.9388888888888889,0.9388888888888889,0.9388888888888889,0.0,0.9388888888888889
0.1,0.1,0.1,0.10111111111111111,0.10666666666666667,0.1,0.1,0.1,0.1,0.1,0.1,0.10111111111111111,0.10111111111111111,0.10111111111111111,0.1,0.0,0.1,0.1,0.1,0.10222222222222223,0.2,0.1,0.1,0.1,0.1,0.1,0.1,0.10666666666666667,0.11222222222222222,0.10222222222222223,0.1,0.1,0.1,0.1,0.13222222222222224,0.8244444444444444,0.12444444444444445,0.1,0.1,0.1,0.1,0.1,0.10111111111111111,0.13,0.10666666666666667,0.1,0.1,0.1,0.1,0.1,0.1,0.1,0.1,0.10111111111111111,0.1,0.1,0.1,0.1,0.1,0.1,0.10111111111111111,0.14444444444444446,0.0,0.1
0.182648401826484,0.182648401826484,0.182648401826484,0.182648401826484,0.182648401826484,0.182648401826484,0.182648401826484,0.182648401826484,0.182648401826484,0.182648401826484,0.182648401826484,0.182648401826484,0.182648401826484,0.182648401826484,0.1872146118721461,0.0,0.182648401826484,0.182648401826484,0.182648401826484,0.182648401826484,0.1872146118721461,0.365296803652968,0.19863013698630136,0.182648401826484,0.182648401826484,0.182648401826484,0.182648401826484,0.182648401826484,0.1917808219178082,0.1872146118721461,0.182648401826484,0.182648401826484,0.182648401826484,0.182648401826484,0.1872146118721461,0.182648401826484,0.182648401826484,0.182648401826484,0.182648401826484,0.182648401826484,0.182648401826484,0.182648401826484,0.18493150684931506,0.18493150684931506,0.182648401826484,0.182648401826484,0.182648401826484,0.182648401826484,0.18493150684931506,0.1872146118721461,0.19863013698630136,0.182648401826484,0.182648401826484,0.182648401826484,0.182648401826484,0.182648401826484,0.182648401826484,0.19406392694063926,0.8972602739726028,0.20319634703196346,0.182648401826484,0.182648401826484,0.0,0.182648401826484
0.07796610169491526,0.07796610169491526,0.07627118644067797,0.07627118644067797,0.07627118644067797,0.07627118644067797,0.07627118644067797,0.07627118644067797,0.07627118644067797,0.36610169491525424,0.07627118644067797,0.07627118644067797,0.07627118644067797,0.07627118644067797,0.08644067796610169,0.0,0.07627118644067797,0.07966101694915255,0.07627118644067797,0.07627118644067797,0.07627118644067797,0.08135593220338984,0.15254237288135594,0.07627118644067797,0.07627118644067797,0.07627118644067797,0.07796610169491526,0.07627118644067797,0.07796610169491526,0.07627118644067797,0.07966101694915255,0.07627118644067797,0.07627118644067797,0.07627118644067797,0.07627118644067797,0.07796610169491526,0.08983050847457627,0.3576271186440678,0.07627118644067797,0.07796610169491526,0.07627118644067797,0.07627118644067797,0.07627118644067797,0.07796610169491526,0.1,0.3457627118644068,0.08305084745762713,0.07627118644067797,0.07627118644067797,0.07627118644067797,0.07627118644067797,0.07966101694915255,0.07627118644067797,0.07796610169491526,0.07627118644067797,0.07627118644067797,0.07627118644067797,0.07627118644067797,0.07627118644067797,0.07627118644067797,0.07627118644067797,0.07627118644067797,0.0,0.07627118644067797
0.02033492822966507,0.02033492822966507,0.02033492822966507,0.02033492822966507,0.02033492822966507,0.02033492822966507,0.02033492822966507,0.02033492822966507,0.02033492822966507,0.02033492822966507,0.02033492822966507,0.02033492822966507,0.021531100478468897,0.02631578947368421,0.6411483253588517,0.0,0.02033492822966507,0.022727272727272724,0.02033492822966507,0.02033492822966507,0.021531100478468897,0.023923444976076555,0.028708133971291863,0.04066985645933014,0.021531100478468897,0.31937799043062204,0.03229665071770335,0.021531100478468897,0.02033492822966507,0.021531100478468897,0.02033492822966507,0.02033492822966507,0.021531100478468897,0.03827751196172249,0.021531100478468897,0.02033492822966507,0.02033492822966507,0.02033492822966507,0.02033492822966507,0.02033492822966507,0.02033492822966507,0.02033492822966507,0.02033492822966507,0.021531100478468897,0.02033492822966507,0.02033492822966507,0.02033492822966507,0.02033492822966507,0.02033492822966507,0.02033492822966507,0.02033492822966507,0.02033492822966507,0.02033492822966507,0.02033492822966507,0.02033492822966507,0.02033492822966507,0.02033492822966507,0.02033492822966507,0.02033492822966507,0.02033492822966507,0.02033492822966507,0.02033492822966507,0.0,0.02033492822966507
0.8333333333333333,0.7307692307692307,0.7307692307692307,0.7307692307692307,0.7307692307692307,0.7307692307692307,0.7307692307692307,0.7307692307692307,0.7307692307692307,0.7564102564102564,0.7307692307692307,0.7307692307692307,0.7307692307692307,0.7307692307692307,0.7307692307692307,0.0,0.7564102564102564,0.7307692307692307,0.7307692307692307,0.7307692307692307,0.7307692307692307,0.7307692307692307,0.7307692307692307,0.7307692307692307,1.4615384615384615,0.782051282051282,0.7307692307692307,0.7307692307692307,0.7307692307692307,0.7307692307692307,0.7307692307692307,0.7307692307692307,0.7692307692307692,0.7435897435897435,0.7307692307692307,0.7307692307692307,0.7307692307692307,0.7307692307692307,0.7307692307692307,0.7307692307692307,0.7307692307692307,0.7307692307692307,0.7307692307692307,0.7307692307692307,0.7307692307692307,0.7307692307692307,0.7307692307692307,0.7307692307692307,0.7307692307692307,0.7307692307692307,0.7307692307692307,0.7307692307692307,0.7307692307692307,0.7307692307692307,0.7307692307692307,0.7307692307692307,0.7307692307692307,0.7307692307692307,0.7307692307692307,0.7435897435897435,0.7307692307692307,0.7307692307692307,0.0,0.7307692307692307
0.29904306220095694,0.29904306220095694,0.29904306220095694,0.29904306220095694,0.29904306220095694,0.29904306220095694,0.29904306220095694,0.29904306220095694,0.29904306220095694,0.29904306220095694,0.29904306220095694,0.29904306220095694,0.30023923444976075,0.3050239234449761,0.9198564593301435,0.0,0.29904306220095694,0.3014354066985646,0.29904306220095694,0.29904306220095694,0.30023923444976075,0.3026315789473684,0.30741626794258375,0.31937799043062204,0.30023923444976075,0.5980861244019139,0.31100478468899523,0.30023923444976075,0.29904306220095694,0.30023923444976075,0.29904306220095694,0.29904306220095694,0.30023923444976075,0.31698564593301437,0.30023923444976075,0.29904306220095694,0.29904306220095694,0.29904306220095694,0.29904306220095694,0.29904306220095694,0.29904306220095694,0.29904306220095694,0.29904306220095694,0.30023923444976075,0.29904306220095694,0.29904306220095694,0.29904306220095694,0.29904306220095694,0.29904306220095694,0.29904306220095694,0.29904306220095694,0.29904306220095694,0.29904306220095694,0.29904306220095694,0.29904306220095694,0.29904306220095694,0.29904306220095694,0.29904306220095694,0.29904306220095694,0.29904306220095694,0.29904306220095694,0.29904306220095694,0.0,0.29904306220095694
0.0,0.0,0.0,0.0,0.0,0.0,0.0,0.0,0.0,0.8362831858407079,0.0,0.8362831858407079,0.0,0.8362831858407079,0.8362831858407079,0.0,0.0,0.8362831858407079,0.0,0.0,0.0,0.0,0.0,0.0,0.0,0.8849557522123893,1.6725663716814159,0.8495575221238938,0.8407079646017699,0.8362831858407079,0.0,0.0,0.8362831858407079,0.8407079646017699,0.8761061946902654,0.8407079646017699,0.8362831858407079,0.8362831858407079,0.0,0.0,0.8362831858407079,0.8362831858407079,0.8362831858407079,0.8362831858407079,0.8362831858407079,0.8362831858407079,0.0,0.0,0.8362831858407079,0.8362831858407079,0.8362831858407079,0.8362831858407079,0.8362831858407079,0.0,0.8362831858407079,0.8362831858407079,0.0,0.8362831858407079,0.8362831858407079,0.8362831858407079,0.8362831858407079,0.0,0.0,0.0
0.24855491329479767,0.24855491329479767,0.24855491329479767,0.24855491329479767,0.24855491329479767,0.24855491329479767,0.24855491329479767,0.24855491329479767,0.24855491329479767,0.24855491329479767,0.24855491329479767,0.24855491329479767,0.24855491329479767,0.24855491329479767,0.25,0.0,0.24855491329479767,0.24855491329479767,0.24855491329479767,0.25216763005780346,0.2536127167630058,0.2536127167630058,0.24927745664739884,0.24855491329479767,0.24855491329479767,0.24855491329479767,0.2536127167630058,0.49710982658959535,0.6835260115606936,0.4963872832369942,0.24855491329479767,0.24855491329479767,0.24855491329479767,0.24927745664739884,0.25072254335260113,0.2644508670520231,0.2695086705202312,0.25216763005780346,0.24855491329479767,0.24855491329479767,0.24855491329479767,0.24927745664739884,0.24855491329479767,0.25,0.25072254335260113,0.24855491329479767,0.24855491329479767,0.24855491329479767,0.24855491329479767,0.24855491329479767,0.24855491329479767,0.24855491329479767,0.24855491329479767,0.24855491329479767,0.24855491329479767,0.24855491329479767,0.24855491329479767,0.24855491329479767,0.24855491329479767,0.24855491329479767,0.24855491329479767,0.24855491329479767,0.0,0.24855491329479767
0.434971098265896,0.434971098265896,0.434971098265896,0.434971098265896,0.434971098265896,0.434971098265896,0.434971098265896,0.434971098265896,0.434971098265896,0.434971098265896,0.434971098265896,0.434971098265896,0.434971098265896,0.434971098265896,0.4364161849710983,0.0,0.434971098265896,0.434971098265896,0.434971098265896,0.43858381502890176,0.4400289017341041,0.4400289017341041,0.4356936416184971,0.434971098265896,0.434971098265896,0.434971098265896,0.4400289017341041,0.6835260115606936,0.869942196531792,0.6828034682080926,0.434971098265896,0.434971098265896,0.434971098265896,0.4356936416184971,0.43713872832369943,0.4508670520231214,0.4559248554913295,0.43858381502890176,0.434971098265896,0.434971098265896,0.434971098265896,0.4356936416184971,0.434971098265896,0.4364161849710983,0.43713872832369943,0.434971098265896,0.434971098265896,0.434971098265896,0.434971098265896,0.434971098265896,0.434971098265896,0.434971098265896,0.434971098265896,0.434971098265896,0.434971098265896,0.434971098265896,0.434971098265896,0.434971098265896,0.434971098265896,0.434971098265896,0.434971098265896,0.434971098265896,0.0,0.434971098265896
0.24783236994219654,0.24783236994219654,0.24783236994219654,0.24783236994219654,0.24783236994219654,0.24783236994219654,0.24783236994219654,0.24783236994219654,0.24783236994219654,0.24783236994219654,0.24783236994219654,0.24783236994219654,0.24783236994219654,0.24783236994219654,0.24927745664739887,0.0,0.24783236994219654,0.24783236994219654,0.24783236994219654,0.2514450867052023,0.25289017341040465,0.25289017341040465,0.2485549132947977,0.24783236994219654,0.24783236994219654,0.24783236994219654,0.25289017341040465,0.4963872832369942,0.6828034682080926,0.4956647398843931,0.24783236994219654,0.24783236994219654,0.24783236994219654,0.2485549132947977,0.25,0.26372832369942195,0.26878612716763006,0.2514450867052023,0.24783236994219654,0.24783236994219654,0.24783236994219654,0.2485549132947977,0.24783236994219654,0.24927745664739887,0.25,0.24783236994219654,0.24783236994219654,0.24783236994219654,0.24783236994219654,0.24783236994219654,0.24783236994219654,0.24783236994219654,0.24783236994219654,0.24783236994219654,0.24783236994219654,0.24783236994219654,0.24783236994219654,0.24783236994219654,0.24783236994219654,0.24783236994219654,0.24783236994219654,0.24783236994219654,0.0,0.24783236994219654
0.012578616352201259,0.012578616352201259,0.012578616352201259,0.012578616352201259,0.012578616352201259,0.012578616352201259,0.012578616352201259,0.012578616352201259,0.012578616352201259,0.012578616352201259,0.012578616352201259,0.012578616352201259,0.012578616352201259,0.012578616352201259,0.012578616352201259,0.0,0.012578616352201259,0.012578616352201259,0.012578616352201259,0.012578616352201259,0.012578616352201259,0.012578616352201259,0.012578616352201259,0.012578616352201259,0.012578616352201259,0.012578616352201259,0.012578616352201259,0.012578616352201259,0.014150943396226415,0.012578616352201259,0.025157232704402517,0.012578616352201259,0.014150943396226415,0.0330188679245283,0.02358490566037736,0.012578616352201259,0.012578616352201259,0.014150943396226415,0.012578616352201259,0.014150943396226415,0.026729559748427674,0.8553459119496856,0.045597484276729564,0.012578616352201259,0.01729559748427673,0.012578616352201259,0.012578616352201259,0.012578616352201259,0.012578616352201259,0.031446540880503145,0.012578616352201259,0.012578616352201259,0.012578616352201259,0.045597484276729564,0.012578616352201259,0.012578616352201259,0.012578616352201259,0.012578616352201259,0.012578616352201259,0.012578616352201259,0.014150943396226415,0.014150943396226415,0.0,0.012578616352201259
0.015625,0.015625,0.015625,0.015625,0.015625,0.015625,0.024305555555555556,0.034722222222222224,0.015625,0.015625,0.015625,0.015625,0.015625,0.015625,0.015625,0.0,0.015625,0.015625,0.015625,0.015625,0.015625,0.015625,0.015625,0.015625,0.015625,0.015625,0.015625,0.015625,0.015625,0.015625,0.017361111111111112,0.03125,0.015625,0.019097222222222224,0.03645833333333333,0.015625,0.015625,0.015625,0.015625,0.015625,0.015625,0.034722222222222224,0.8072916666666666,0.03125,0.017361111111111112,0.017361111111111112,0.015625,0.017361111111111112,0.015625,0.019097222222222224,0.03298611111111111,0.015625,0.015625,0.015625,0.015625,0.09375,0.015625,0.015625,0.015625,0.015625,0.015625,0.015625,0.0,0.015625
0.04563492063492063,0.04563492063492063,0.04563492063492063,0.04563492063492063,0.04563492063492063,0.04563492063492063,0.04563492063492063,0.04563492063492063,0.04563492063492063,0.04563492063492063,0.04563492063492063,0.04563492063492063,0.04563492063492063,0.04563492063492063,0.046296296296296294,0.0,0.04563492063492063,0.04563492063492063,0.04563492063492063,0.04563492063492063,0.04563492063492063,0.04563492063492063,0.04563492063492063,0.04563492063492063,0.04563492063492063,0.047619047619047616,0.051587301587301584,0.047619047619047616,0.046296296296296294,0.04563492063492063,0.04563492063492063,0.04563492063492063,0.09126984126984126,0.06018518518518518,0.32142857142857145,0.05886243386243386,0.05952380952380952,0.04563492063492063,0.04563492063492063,0.04563492063492063,0.17195767195767198,0.06018518518518518,0.05026455026455026,0.06283068783068782,0.49074074074074076,0.047619047619047616,0.046296296296296294,0.04563492063492063,0.04828042328042328,0.046957671957671955,0.046296296296296294,0.046296296296296294,0.052248677248677246,0.04563492063492063,0.04563492063492063,0.04563492063492063,0.04563492063492063,0.04563492063492063,0.047619047619047616,0.04563492063492063,0.046957671957671955,0.04563492063492063,0.0,0.04563492063492063
0.7684887459807074,0.7684887459807074,0.7684887459807074,0.7684887459807074,0.7684887459807074,0.7684887459807074,0.7684887459807074,0.7684887459807074,0.7684887459807074,0.7684887459807074,0.7684887459807074,0.7684887459807074,0.7684887459807074,0.7684887459807074,0.7684887459807074,0.0,0.7684887459807074,0.7684887459807074,0.7684887459807074,0.7684887459807074,0.7684887459807074,0.7684887459807074,0.7684887459807074,0.7684887459807074,0.770096463022508,0.7829581993569131,0.7684887459807074,0.770096463022508,0.7684887459807074,0.7684887459807074,0.7684887459807074,0.7684887459807074,0.7781350482315113,1.5369774919614148,0.7861736334405145,0.770096463022508,0.7684887459807074,0.7684887459807074,0.7684887459807074,0.7684887459807074,0.7684887459807074,0.7829581993569131,0.7717041800643086,0.7684887459807074,0.7684887459807074,0.7684887459807074,0.7684887459807074,0.7684887459807074,0.7684887459807074,0.770096463022508,0.7684887459807074,0.770096463022508,0.7733118971061093,0.7684887459807074,0.770096463022508,0.7684887459807074,0.7684887459807074,0.7684887459807074,0.7684887459807074,0.77491961414791,0.9083601286173633,0.7684887459807074,0.0,0.7733118971061093
0.0,0.2757936507936508,0.2757936507936508,0.2757936507936508,0.2757936507936508,0.0,0.2757936507936508,0.0,0.2757936507936508,0.2757936507936508,0.2757936507936508,0.2757936507936508,0.2757936507936508,0.2757936507936508,0.27645502645502645,0.0,0.2757936507936508,0.2757936507936508,0.2757936507936508,0.2757936507936508,0.2757936507936508,0.2757936507936508,0.2757936507936508,0.2757936507936508,0.2757936507936508,0.2777777777777778,0.28174603174603174,0.2777777777777778,0.27645502645502645,0.2757936507936508,0.2757936507936508,0.2757936507936508,0.32142857142857145,0.29034391534391535,0.5515873015873016,0.28902116402116407,0.2896825396825397,0.2757936507936508,0.2757936507936508,0.2757936507936508,0.40211640211640215,0.29034391534391535,0.28042328042328046,0.292989417989418,0.7208994708994709,0.2777777777777778,0.27645502645502645,0.2757936507936508,0.2784391534391535,0.27711640211640215,0.27645502645502645,0.27645502645502645,0.28240740740740744,0.2757936507936508,0.2757936507936508,0.2757936507936508,0.2757936507936508,0.2757936507936508,0.2777777777777778,0.2757936507936508,0.27711640211640215,0.2757936507936508,0.0,0.2757936507936508
0.7244444444444444,0.7244444444444444,0.7244444444444444,0.7255555555555555,0.7311111111111112,0.7244444444444444,0.7244444444444444,0.7244444444444444,0.7244444444444444,0.7244444444444444,0.7244444444444444,0.7255555555555555,0.7255555555555555,0.7255555555555555,0.7244444444444444,0.0,0.7244444444444444,0.7244444444444444,0.7244444444444444,0.7266666666666667,0.8244444444444444,0.7244444444444444,0.7244444444444444,0.7244444444444444,0.7244444444444444,0.7244444444444444,0.7244444444444444,0.7311111111111112,0.7366666666666667,0.7266666666666667,0.7244444444444444,0.7244444444444444,0.7244444444444444,0.7244444444444444,0.7566666666666667,1.448888888888889,0.7488888888888889,0.7244444444444444,0.7244444444444444,0.7244444444444444,0.7244444444444444,0.7244444444444444,0.7255555555555555,0.7544444444444445,0.7311111111111112,0.7244444444444444,0.7244444444444444,0.7244444444444444,0.7244444444444444,0.7244444444444444,0.7244444444444444,0.7244444444444444,0.7244444444444444,0.7255555555555555,0.7244444444444444,0.7244444444444444,0.7244444444444444,0.7244444444444444,0.7244444444444444,0.7244444444444444,0.7255555555555555,0.7688888888888888,0.0,0.7244444444444444
0.7795969773299748,0.7795969773299748,0.7795969773299748,0.7795969773299748,0.7795969773299748,0.7795969773299748,0.7795969773299748,0.7795969773299748,0.7795969773299748,0.7795969773299748,0.7808564231738035,0.8929471032745592,0.7795969773299748,0.7795969773299748,0.7808564231738035,0.0,0.7795969773299748,0.7795969773299748,0.7795969773299748,0.7858942065491183,0.7795969773299748,0.7795969773299748,0.7795969773299748,0.7795969773299748,0.7795969773299748,0.7795969773299748,0.7795969773299748,0.783375314861461,0.801007556675063,0.783375314861461,0.7795969773299748,0.7795969773299748,0.7795969773299748,0.7795969773299748,0.7795969773299748,0.8211586901763224,1.5591939546599496,0.7821158690176322,0.7795969773299748,0.7795969773299748,0.7795969773299748,0.7795969773299748,0.7795969773299748,0.783375314861461,0.801007556675063,0.7795969773299748,0.7795969773299748,0.7795969773299748,0.7795969773299748,0.7795969773299748,0.7795969773299748,0.7795969773299748,0.7795969773299748,0.7795969773299748,0.7795969773299748,0.7795969773299748,0.7795969773299748,0.7795969773299748,0.7795969773299748,0.7795969773299748,0.7795969773299748,0.7795969773299748,0.0,0.7795969773299748
0.2830508474576271,0.2830508474576271,0.28135593220338984,0.28135593220338984,0.28135593220338984,0.28135593220338984,0.28135593220338984,0.28135593220338984,0.28135593220338984,0.5711864406779661,0.28135593220338984,0.28135593220338984,0.28135593220338984,0.28135593220338984,0.29152542372881357,0.0,0.28135593220338984,0.2847457627118644,0.28135593220338984,0.28135593220338984,0.28135593220338984,0.2864406779661017,0.3576271186440678,0.28135593220338984,0.28135593220338984,0.28135593220338984,0.2830508474576271,0.28135593220338984,0.2830508474576271,0.28135593220338984,0.2847457627118644,0.28135593220338984,0.28135593220338984,0.28135593220338984,0.28135593220338984,0.2830508474576271,0.29491525423728815,0.5627118644067797,0.28135593220338984,0.2830508474576271,0.28135593220338984,0.28135593220338984,0.28135593220338984,0.2830508474576271,0.3050847457627119,0.5508474576271187,0.288135593220339,0.28135593220338984,0.28135593220338984,0.28135593220338984,0.28135593220338984,0.2847457627118644,0.28135593220338984,0.2830508474576271,0.28135593220338984,0.28135593220338984,0.28135593220338984,0.28135593220338984,0.28135593220338984,0.28135593220338984,0.28135593220338984,0.28135593220338984,0.0,0.28135593220338984
0.8666666666666667,0.8666666666666667,0.8666666666666667,0.8666666666666667,0.8666666666666667,0.8666666666666667,0.8666666666666667,0.8666666666666667,0.8666666666666667,0.8666666666666667,0.8666666666666667,0.8666666666666667,0.8666666666666667,0.8666666666666667,0.8666666666666667,0.0,0.8666666666666667,0.8666666666666667,0.8666666666666667,0.8666666666666667,0.8666666666666667,0.8666666666666667,0.8666666666666667,0.8666666666666667,0.8666666666666667,0.8666666666666667,0.8666666666666667,0.8666666666666667,0.8666666666666667,0.9,0.8666666666666667,0.8666666666666667,0.8666666666666667,0.8666666666666667,0.8666666666666667,0.8666666666666667,0.8666666666666667,0.9333333333333333,1.7333333333333334,0.8666666666666667,0.8666666666666667,0.8666666666666667,0.8666666666666667,0.8666666666666667,0.8666666666666667,0.8666666666666667,0.9,0.8666666666666667,0.8666666666666667,0.8666666666666667,0.8666666666666667,0.8666666666666667,0.8666666666666667,0.8666666666666667,0.8666666666666667,0.8666666666666667,0.8666666666666667,0.8666666666666667,0.8666666666666667,0.8666666666666667,0.8666666666666667,0.8666666666666667,0.0,0.8666666666666667
0.01515151515151493,0.01515151515151493,0.01515151515151493,0.01515151515151493,0.01515151515151493,0.01515151515151493,0.01515151515151493,0.01515151515151493,0.01515151515151493,0.022727272727272506,0.12878787878787856,0.01515151515151493,0.01515151515151493,0.01515151515151493,0.01515151515151493,0.0,0.01515151515151493,0.01515151515151493,0.01515151515151493,0.01515151515151493,0.01515151515151493,0.01515151515151493,0.01515151515151493,0.01515151515151493,0.01515151515151493,0.01515151515151493,0.01515151515151493,0.01515151515151493,0.01515151515151493,0.01515151515151493,0.01515151515151493,0.01515151515151493,0.01515151515151493,0.01515151515151493,0.01515151515151493,0.01515151515151493,0.01515151515151493,0.01515151515151493,0.01515151515151493,0.030303030303030082,0.01515151515151493,0.01515151515151493,0.01515151515151493,0.022727272727272506,0.01515151515151493,0.01515151515151493,0.01515151515151493,0.01515151515151493,0.01515151515151493,0.060606060606060386,0.01515151515151493,0.01515151515151493,0.01515151515151493,0.01515151515151493,0.01515151515151493,0.01515151515151493,0.022727272727272506,0.7651515151515149,0.060606060606060386,0.022727272727272506,0.01515151515151493,0.01515151515151493,0.0,0.01515151515151493
0.12632275132275134,0.12632275132275134,0.12632275132275134,0.12632275132275134,0.12632275132275134,0.12632275132275134,0.12632275132275134,0.12632275132275134,0.12632275132275134,0.12632275132275134,0.12632275132275134,0.12632275132275134,0.12632275132275134,0.12632275132275134,0.126984126984127,0.0,0.12632275132275134,0.12632275132275134,0.12632275132275134,0.12632275132275134,0.12632275132275134,0.12632275132275134,0.12632275132275134,0.12632275132275134,0.12632275132275134,0.1283068783068783,0.1322751322751323,0.1283068783068783,0.126984126984127,0.12632275132275134,0.12632275132275134,0.12632275132275134,0.17195767195767198,0.14087301587301587,0.40211640211640215,0.13955026455026456,0.14021164021164023,0.12632275132275134,0.12632275132275134,0.12632275132275134,0.2526455026455027,0.14087301587301587,0.13095238095238096,0.14351851851851855,0.5714285714285714,0.1283068783068783,0.126984126984127,0.12632275132275134,0.12896825396825398,0.12764550264550267,0.126984126984127,0.126984126984127,0.13293650793650796,0.12632275132275134,0.12632275132275134,0.12632275132275134,0.12632275132275134,0.12632275132275134,0.1283068783068783,0.12632275132275134,0.12764550264550267,0.12632275132275134,0.0,0.12632275132275134
0.8427672955974843,0.8427672955974843,0.8427672955974843,0.8427672955974843,0.8427672955974843,0.8427672955974843,0.8427672955974843,0.8427672955974843,0.8427672955974843,0.8427672955974843,0.8427672955974843,0.8427672955974843,0.8427672955974843,0.8427672955974843,0.8427672955974843,0.0,0.8427672955974843,0.8427672955974843,0.8427672955974843,0.8427672955974843,0.8427672955974843,0.8427672955974843,0.8427672955974843,0.8427672955974843,0.8427672955974843,0.8427672955974843,0.8427672955974843,0.8427672955974843,0.8443396226415095,0.8427672955974843,0.8553459119496856,0.8427672955974843,0.8443396226415095,0.8632075471698114,0.8537735849056605,0.8427672955974843,0.8427672955974843,0.8443396226415095,0.8427672955974843,0.8443396226415095,0.8569182389937108,1.6855345911949686,0.8757861635220127,0.8427672955974843,0.8474842767295598,0.8427672955974843,0.8427672955974843,0.8427672955974843,0.8427672955974843,0.8616352201257862,0.8427672955974843,0.8427672955974843,0.8427672955974843,0.8757861635220127,0.8427672955974843,0.8427672955974843,0.8427672955974843,0.8427672955974843,0.8427672955974843,0.8427672955974843,0.8443396226415095,0.8443396226415095,0.0,0.8427672955974843
0.7916666666666666,0.7916666666666666,0.7916666666666666,0.7916666666666666,0.7916666666666666,0.7916666666666666,0.8003472222222222,0.8107638888888888,0.7916666666666666,0.7916666666666666,0.7916666666666666,0.7916666666666666,0.7916666666666666,0.7916666666666666,0.7916666666666666,0.0,0.7916666666666666,0.7916666666666666,0.7916666666666666,0.7916666666666666,0.7916666666666666,0.7916666666666666,0.7916666666666666,0.7916666666666666,0.7916666666666666,0.7916666666666666,0.7916666666666666,0.7916666666666666,0.7916666666666666,0.7916666666666666,0.7934027777777778,0.8072916666666666,0.7916666666666666,0.7951388888888888,0.8125,0.7916666666666666,0.7916666666666666,0.7916666666666666,0.7916666666666666,0.7916666666666666,0.7916666666666666,0.8107638888888888,1.5833333333333333,0.8072916666666666,0.7934027777777778,0.7934027777777778,0.7916666666666666,0.7934027777777778,0.7916666666666666,0.7951388888888888,0.8090277777777778,0.7916666666666666,0.7916666666666666,0.7916666666666666,0.7916666666666666,0.8697916666666666,0.7916666666666666,0.7916666666666666,0.7916666666666666,0.7916666666666666,0.7916666666666666,0.7916666666666666,0.0,0.7916666666666666
0.9094387755102041,0.9094387755102041,0.9094387755102041,0.9094387755102041,0.9094387755102041,0.9094387755102041,0.9094387755102041,0.9094387755102041,0.9094387755102041,0.9094387755102041,0.9094387755102041,0.9094387755102041,0.9094387755102041,0.9094387755102041,0.9094387755102041,0.0,0.9094387755102041,0.9094387755102041,0.9094387755102041,0.9094387755102041,0.9094387755102041,0.9094387755102041,0.9094387755102041,0.9094387755102041,0.9094387755102041,0.9094387755102041,0.9094387755102041,0.9107142857142858,0.9094387755102041,0.9094387755102041,0.9094387755102041,0.9094387755102041,0.9094387755102041,0.9094387755102041,0.9107142857142858,0.9426020408163266,0.9107142857142858,0.9094387755102041,0.9094387755102041,0.9094387755102041,0.9094387755102041,0.9094387755102041,0.917091836734694,1.8188775510204083,0.9336734693877552,0.9107142857142858,0.9094387755102041,0.9094387755102041,0.9094387755102041,0.9094387755102041,0.9094387755102041,0.927295918367347,0.9107142857142858,0.9094387755102041,0.9094387755102041,0.9094387755102041,0.9094387755102041,0.9094387755102041,0.9094387755102041,0.9107142857142858,0.9094387755102041,0.9094387755102041,0.0,0.9094387755102041
0.4451058201058201,0.4451058201058201,0.4451058201058201,0.4451058201058201,0.4451058201058201,0.4451058201058201,0.4451058201058201,0.4451058201058201,0.4451058201058201,0.4451058201058201,0.4451058201058201,0.4451058201058201,0.4451058201058201,0.4451058201058201,0.44576719576719576,0.0,0.4451058201058201,0.4451058201058201,0.4451058201058201,0.4451058201058201,0.4451058201058201,0.4451058201058201,0.4451058201058201,0.4451058201058201,0.4451058201058201,0.4470899470899471,0.45105820105820105,0.4470899470899471,0.44576719576719576,0.4451058201058201,0.4451058201058201,0.4451058201058201,0.49074074074074076,0.45965608465608465,0.7208994708994709,0.45833333333333337,0.458994708994709,0.4451058201058201,0.4451058201058201,0.4451058201058201,0.5714285714285714,0.45965608465608465,0.44973544973544977,0.4623015873015873,0.8902116402116402,0.4470899470899471,0.44576719576719576,0.4451058201058201,0.4477513227513228,0.44642857142857145,0.44576719576719576,0.44576719576719576,0.45171957671957674,0.4451058201058201,0.4451058201058201,0.4451058201058201,0.4451058201058201,0.4451058201058201,0.4470899470899471,0.4451058201058201,0.44642857142857145,0.4451058201058201,0.0,0.4451058201058201
0.2711864406779661,0.2711864406779661,0.26949152542372884,0.26949152542372884,0.26949152542372884,0.26949152542372884,0.26949152542372884,0.26949152542372884,0.26949152542372884,0.5593220338983051,0.26949152542372884,0.26949152542372884,0.26949152542372884,0.26949152542372884,0.2796610169491526,0.0,0.26949152542372884,0.2728813559322034,0.26949152542372884,0.26949152542372884,0.26949152542372884,0.2745762711864407,0.3457627118644068,0.26949152542372884,0.26949152542372884,0.26949152542372884,0.2711864406779661,0.26949152542372884,0.2711864406779661,0.26949152542372884,0.2728813559322034,0.26949152542372884,0.26949152542372884,0.26949152542372884,0.26949152542372884,0.2711864406779661,0.28305084745762715,0.5508474576271187,0.26949152542372884,0.2711864406779661,0.26949152542372884,0.26949152542372884,0.26949152542372884,0.2711864406779661,0.2932203389830509,0.5389830508474577,0.276271186440678,0.26949152542372884,0.26949152542372884,0.26949152542372884,0.26949152542372884,0.2728813559322034,0.26949152542372884,0.2711864406779661,0.26949152542372884,0.26949152542372884,0.26949152542372884,0.26949152542372884,0.26949152542372884,0.26949152542372884,0.26949152542372884,0.26949152542372884,0.0,0.26949152542372884
0.36363636363636365,0.36363636363636365,0.36363636363636365,0.36363636363636365,0.36363636363636365,0.36363636363636365,0.36363636363636365,0.36363636363636365,0.36363636363636365,0.36363636363636365,0.36363636363636365,0.36363636363636365,0.36713286713286714,0.4230769230769231,0.36363636363636365,0.0,0.36363636363636365,0.36363636363636365,0.36363636363636365,0.36363636363636365,0.36363636363636365,0.3706293706293706,0.36363636363636365,0.36363636363636365,0.36363636363636365,0.36363636363636365,0.36363636363636365,0.36363636363636365,0.36363636363636365,0.36363636363636365,0.36363636363636365,0.36363636363636365,0.36713286713286714,0.36363636363636365,0.36363636363636365,0.36363636363636365,0.36363636363636365,0.36363636363636365,0.36363636363636365,0.36363636363636365,0.3741258741258741,0.3706293706293706,0.36363636363636365,0.36363636363636365,0.36713286713286714,0.38111888111888115,0.7272727272727273,0.36363636363636365,0.8356643356643356,0.3986013986013986,0.36363636363636365,0.36363636363636365,0.36363636363636365,0.36363636363636365,0.36363636363636365,0.36363636363636365,0.38111888111888115,0.36363636363636365,0.36363636363636365,0.36363636363636365,0.36363636363636365,0.36363636363636365,0.0,0.36363636363636365
0.055819477434679333,0.05700712589073634,0.06769596199524941,0.055819477434679333,0.055819477434679333,0.055819477434679333,0.055819477434679333,0.055819477434679333,0.055819477434679333,0.055819477434679333,0.05700712589073634,0.055819477434679333,0.055819477434679333,0.055819477434679333,0.055819477434679333,0.0,0.055819477434679333,0.055819477434679333,0.055819477434679333,0.055819477434679333,0.055819477434679333,0.055819477434679333,0.055819477434679333,0.055819477434679333,0.055819477434679333,0.055819477434679333,0.055819477434679333,0.055819477434679333,0.055819477434679333,0.055819477434679333,0.055819477434679333,0.055819477434679333,0.055819477434679333,0.055819477434679333,0.055819477434679333,0.055819477434679333,0.055819477434679333,0.055819477434679333,0.055819477434679333,0.055819477434679333,0.055819477434679333,0.055819477434679333,0.05819477434679335,0.07838479809976247,0.06175771971496437,0.055819477434679333,0.06413301662707838,0.11163895486935867,0.055819477434679333,0.055819477434679333,0.07363420427553444,0.9121140142517814,0.06413301662707838,0.055819477434679333,0.055819477434679333,0.055819477434679333,0.055819477434679333,0.055819477434679333,0.055819477434679333,0.06413301662707838,0.055819477434679333,0.055819477434679333,0.0,0.055819477434679333
0.47202797202797203,0.47202797202797203,0.47202797202797203,0.47202797202797203,0.47202797202797203,0.47202797202797203,0.47202797202797203,0.47202797202797203,0.47202797202797203,0.47202797202797203,0.47202797202797203,0.47202797202797203,0.4755244755244755,0.5314685314685315,0.47202797202797203,0.0,0.47202797202797203,0.47202797202797203,0.47202797202797203,0.47202797202797203,0.47202797202797203,0.479020979020979,0.47202797202797203,0.47202797202797203,0.47202797202797203,0.47202797202797203,0.47202797202797203,0.47202797202797203,0.47202797202797203,0.47202797202797203,0.47202797202797203,0.47202797202797203,0.4755244755244755,0.47202797202797203,0.47202797202797203,0.47202797202797203,0.47202797202797203,0.47202797202797203,0.47202797202797203,0.47202797202797203,0.4825174825174825,0.479020979020979,0.47202797202797203,0.47202797202797203,0.4755244755244755,0.48951048951048953,0.8356643356643356,0.47202797202797203,0.9440559440559441,0.506993006993007,0.47202797202797203,0.47202797202797203,0.47202797202797203,0.47202797202797203,0.47202797202797203,0.47202797202797203,0.48951048951048953,0.47202797202797203,0.47202797202797203,0.47202797202797203,0.47202797202797203,0.47202797202797203,0.0,0.47202797202797203
0.3148558758314856,0.3148558758314856,0.3148558758314856,0.3148558758314856,0.3148558758314856,0.3148558758314856,0.3148558758314856,0.3148558758314856,0.3148558758314856,0.3148558758314856,0.3148558758314856,0.3148558758314856,0.3148558758314856,0.3148558758314856,0.3148558758314856,0.0,0.3148558758314856,0.3148558758314856,0.3148558758314856,0.3148558758314856,0.3148558758314856,0.3148558758314856,0.3148558758314856,0.3148558758314856,0.3148558758314856,0.3148558758314856,0.3148558758314856,0.3148558758314856,0.3148558758314856,0.3148558758314856,0.3148558758314856,0.3148558758314856,0.3148558758314856,0.31596452328159647,0.3170731707317073,0.3148558758314856,0.3148558758314856,0.3148558758314856,0.3148558758314856,0.3148558758314856,0.31596452328159647,0.32926829268292684,0.32982261640798227,0.3148558758314856,0.31541019955654104,0.3148558758314856,0.3148558758314856,0.3148558758314856,0.3170731707317073,0.6297117516629712,0.9473392461197339,0.3198447893569845,0.31596452328159647,0.3148558758314856,0.3148558758314856,0.3148558758314856,0.31596452328159647,0.3170731707317073,0.32039911308203994,0.31596452328159647,0.3148558758314856,0.3148558758314856,0.0,0.3148558758314856
0.6324833702882483,0.6324833702882483,0.6324833702882483,0.6324833702882483,0.6324833702882483,0.6324833702882483,0.6324833702882483,0.6324833702882483,0.6324833702882483,0.6324833702882483,0.6324833702882483,0.6324833702882483,0.6324833702882483,0.6324833702882483,0.6324833702882483,0.0,0.6324833702882483,0.6324833702882483,0.6324833702882483,0.6324833702882483,0.6324833702882483,0.6324833702882483,0.6324833702882483,0.6324833702882483,0.6324833702882483,0.6324833702882483,0.6324833702882483,0.6324833702882483,0.6324833702882483,0.6324833702882483,0.6324833702882483,0.6324833702882483,0.6324833702882483,0.6335920177383592,0.63470066518847,0.6324833702882483,0.6324833702882483,0.6324833702882483,0.6324833702882483,0.6324833702882483,0.6335920177383592,0.6468957871396895,0.647450110864745,0.6324833702882483,0.6330376940133038,0.6324833702882483,0.6324833702882483,0.6324833702882483,0.63470066518847,0.9473392461197339,1.2649667405764966,0.6374722838137472,0.6335920177383592,0.6324833702882483,0.6324833702882483,0.6324833702882483,0.6335920177383592,0.63470066518847,0.6380266075388026,0.6335920177383592,0.6324833702882483,0.6324833702882483,0.0,0.6324833702882483
0.8562945368171021,0.8574821852731591,0.8681710213776722,0.8562945368171021,0.8562945368171021,0.8562945368171021,0.8562945368171021,0.8562945368171021,0.8562945368171021,0.8562945368171021,0.8574821852731591,0.8562945368171021,0.8562945368171021,0.8562945368171021,0.8562945368171021,0.0,0.8562945368171021,0.8562945368171021,0.8562945368171021,0.8562945368171021,0.8562945368171021,0.8562945368171021,0.8562945368171021,0.8562945368171021,0.8562945368171021,0.8562945368171021,0.8562945368171021,0.8562945368171021,0.8562945368171021,0.8562945368171021,0.8562945368171021,0.8562945368171021,0.8562945368171021,0.8562945368171021,0.8562945368171021,0.8562945368171021,0.8562945368171021,0.8562945368171021,0.8562945368171021,0.8562945368171021,0.8562945368171021,0.8562945368171021,0.8586698337292161,0.8788598574821852,0.8622327790973872,0.8562945368171021,0.8646080760095012,0.9121140142517814,0.8562945368171021,0.8562945368171021,0.8741092636579572,1.7125890736342042,0.8646080760095012,0.8562945368171021,0.8562945368171021,0.8562945368171021,0.8562945368171021,0.8562945368171021,0.8562945368171021,0.8646080760095012,0.8562945368171021,0.8562945368171021,0.0,0.8562945368171021
0.8842364532019704,0.8842364532019704,0.8842364532019704,0.8866995073891626,0.8842364532019704,0.8842364532019704,0.8842364532019704,0.8842364532019704,0.8842364532019704,0.8842364532019704,0.8842364532019704,0.8842364532019704,0.8842364532019704,0.8842364532019704,0.8842364532019704,0.0,0.8842364532019704,0.8842364532019704,0.8842364532019704,0.8842364532019704,0.8842364532019704,0.8842364532019704,0.8842364532019704,0.8842364532019704,0.8842364532019704,0.8842364532019704,0.8842364532019704,0.8842364532019704,0.8842364532019704,0.8842364532019704,0.8842364532019704,0.8842364532019704,0.8842364532019704,0.8842364532019704,0.8842364532019704,0.8842364532019704,0.8866995073891626,0.8842364532019704,0.8842364532019704,0.8842364532019704,0.8842364532019704,0.8842364532019704,0.8842364532019704,0.8916256157635468,0.9458128078817734,0.8842364532019704,0.8842364532019704,0.8842364532019704,0.8842364532019704,0.8842364532019704,0.8842364532019704,0.9137931034482758,1.7684729064039408,0.8866995073891626,0.8842364532019704,0.8842364532019704,0.8842364532019704,0.8842364532019704,0.8842364532019704,0.8842364532019704,0.8916256157635468,0.8866995073891626,0.0,0.8842364532019704
0.0,0.0,0.0,0.0,0.0,0.0,0.0,0.0,0.0,0.0330188679245283,0.0,0.0,0.0,0.0,0.0330188679245283,0.0,0.0,0.0,0.0,0.0,0.0,0.0,0.0,0.0,0.0,0.0330188679245283,0.0330188679245283,0.0330188679245283,0.0,0.0,0.0,0.0,0.03459119496855346,0.05345911949685535,0.0440251572327044,0.0330188679245283,0.0330188679245283,0.03459119496855346,0.0,0.0,0.04716981132075472,0.8757861635220127,0.0660377358490566,0.0330188679245283,0.03773584905660377,0.0,0.0,0.0,0.0330188679245283,0.05188679245283019,0.0330188679245283,0.0330188679245283,0.0330188679245283,0.0,0.0,0.0,0.0,0.0,0.0330188679245283,0.0330188679245283,0.0,0.0,0.0,0.0
0.75,0.75,0.75,0.75,0.75,0.75,0.75,0.75,0.75,0.75,0.75,0.75,0.75,0.75,0.75,0.0,0.75,0.75,0.75,0.75,0.75,0.75,0.75,0.75,0.75,0.75,0.75,0.75,0.75,0.75,0.75,0.75,0.75,0.75,0.75,0.75,0.75,0.75,0.75,0.75,0.75,0.75,0.75,0.75,0.75,0.75,0.875,0.75,0.75,0.75,0.75,0.75,0.75,0.8125,1.5,0.75,0.75,0.75,0.75,0.75,0.8125,0.75,0.0,0.75
0.078125,0.078125,0.078125,0.078125,0.078125,0.078125,0.08680555555555555,0.09722222222222222,0.078125,0.078125,0.078125,0.078125,0.078125,0.078125,0.078125,0.0,0.078125,0.078125,0.078125,0.078125,0.078125,0.078125,0.078125,0.078125,0.078125,0.078125,0.078125,0.078125,0.078125,0.078125,0.0798611111111111,0.09375,0.078125,0.08159722222222222,0.09895833333333333,0.078125,0.078125,0.078125,0.078125,0.078125,0.078125,0.09722222222222222,0.8697916666666666,0.09375,0.0798611111111111,0.0798611111111111,0.078125,0.0798611111111111,0.078125,0.08159722222222222,0.0954861111111111,0.078125,0.078125,0.078125,0.078125,0.15625,0.078125,0.078125,0.078125,0.078125,0.078125,0.078125,0.0,0.078125
0.9574468085106383,0.9574468085106383,0.9574468085106383,0.9574468085106383,0.9574468085106383,0.9574468085106383,0.9574468085106383,0.9574468085106383,0.9574468085106383,0.9574468085106383,0.9574468085106383,0.9574468085106383,0.9574468085106383,0.9574468085106383,0.9574468085106383,0.0,0.9574468085106383,0.9574468085106383,0.9574468085106383,0.9574468085106383,0.9574468085106383,0.9574468085106383,0.9574468085106383,0.9574468085106383,0.9574468085106383,0.9574468085106383,0.9574468085106383,0.9574468085106383,0.9574468085106383,0.9574468085106383,0.9574468085106383,0.9574468085106383,0.9574468085106383,0.9574468085106383,0.9574468085106383,0.9574468085106383,0.9574468085106383,0.9574468085106383,0.9574468085106383,0.9574468085106383,0.9574468085106383,0.9574468085106383,0.9574468085106383,0.9574468085106383,0.9574468085106383,0.9574468085106383,0.9574468085106383,0.9574468085106383,0.9893617021276596,0.9627659574468086,0.9574468085106383,0.9574468085106383,0.9574468085106383,0.9574468085106383,0.9574468085106383,0.9574468085106383,1.9148936170212767,0.9627659574468086,0.9574468085106383,0.9574468085106383,0.9574468085106383,0.9574468085106383,0.0,0.9574468085106383
0.75,0.75,0.75,0.75,0.75,0.75,0.75,0.75,0.75,0.7575757575757576,0.8636363636363636,0.75,0.75,0.75,0.75,0.0,0.75,0.75,0.75,0.75,0.75,0.75,0.75,0.75,0.75,0.75,0.75,0.75,0.75,0.75,0.75,0.75,0.75,0.75,0.75,0.75,0.75,0.75,0.75,0.7651515151515151,0.75,0.75,0.75,0.7575757575757576,0.75,0.75,0.75,0.75,0.75,0.7954545454545454,0.75,0.75,0.75,0.75,0.75,0.75,0.7575757575757576,1.5,0.7954545454545454,0.7575757575757576,0.75,0.75,0.0,0.75
0.7146118721461188,0.7146118721461188,0.7146118721461188,0.7146118721461188,0.7146118721461188,0.7146118721461188,0.7146118721461188,0.7146118721461188,0.7146118721461188,0.7146118721461188,0.7146118721461188,0.7146118721461188,0.7146118721461188,0.7146118721461188,0.7191780821917808,0.0,0.7146118721461188,0.7146118721461188,0.7146118721461188,0.7146118721461188,0.7191780821917808,0.8972602739726028,0.7305936073059361,0.7146118721461188,0.7146118721461188,0.7146118721461188,0.7146118721461188,0.7146118721461188,0.723744292237443,0.7191780821917808,0.7146118721461188,0.7146118721461188,0.7146118721461188,0.7146118721461188,0.7191780821917808,0.7146118721461188,0.7146118721461188,0.7146118721461188,0.7146118721461188,0.7146118721461188,0.7146118721461188,0.7146118721461188,0.7168949771689498,0.7168949771689498,0.7146118721461188,0.7146118721461188,0.7146118721461188,0.7146118721461188,0.7168949771689498,0.7191780821917808,0.7305936073059361,0.7146118721461188,0.7146118721461188,0.7146118721461188,0.7146118721461188,0.7146118721461188,0.7146118721461188,0.726027397260274,1.4292237442922375,0.7351598173515982,0.7146118721461188,0.7146118721461188,0.0,0.7146118721461188
0.822289156626506,0.822289156626506,0.822289156626506,0.822289156626506,0.822289156626506,0.822289156626506,0.822289156626506,0.822289156626506,0.822289156626506,0.822289156626506,0.822289156626506,0.8253012048192772,0.858433734939759,0.822289156626506,0.8253012048192772,0.0,0.822289156626506,0.8253012048192772,0.8765060240963856,0.8253012048192772,0.822289156626506,0.822289156626506,0.822289156626506,0.822289156626506,0.822289156626506,0.822289156626506,0.8313253012048193,0.8253012048192772,0.822289156626506,0.822289156626506,0.822289156626506,0.822289156626506,0.822289156626506,0.822289156626506,0.8253012048192772,0.822289156626506,0.822289156626506,0.822289156626506,0.822289156626506,0.822289156626506,0.822289156626506,0.822289156626506,0.822289156626506,0.822289156626506,0.822289156626506,0.822289156626506,0.822289156626506,0.822289156626506,0.822289156626506,0.822289156626506,0.8283132530120482,0.8493975903614458,0.8283132530120482,0.822289156626506,0.822289156626506,0.822289156626506,0.822289156626506,0.8283132530120482,0.8343373493975904,1.644578313253012,0.8253012048192772,0.822289156626506,0.0,0.822289156626506
0.13987138263665594,0.13987138263665594,0.13987138263665594,0.13987138263665594,0.13987138263665594,0.13987138263665594,0.13987138263665594,0.13987138263665594,0.13987138263665594,0.13987138263665594,0.13987138263665594,0.13987138263665594,0.13987138263665594,0.13987138263665594,0.13987138263665594,0.0,0.13987138263665594,0.13987138263665594,0.13987138263665594,0.13987138263665594,0.13987138263665594,0.13987138263665594,0.13987138263665594,0.13987138263665594,0.1414790996784566,0.15434083601286172,0.13987138263665594,0.1414790996784566,0.13987138263665594,0.13987138263665594,0.13987138263665594,0.13987138263665594,0.1495176848874598,0.9083601286173633,0.157556270096463,0.1414790996784566,0.13987138263665594,0.13987138263665594,0.13987138263665594,0.13987138263665594,0.13987138263665594,0.15434083601286172,0.14308681672025722,0.13987138263665594,0.13987138263665594,0.13987138263665594,0.13987138263665594,0.13987138263665594,0.13987138263665594,0.1414790996784566,0.13987138263665594,0.1414790996784566,0.14469453376205788,0.13987138263665594,0.1414790996784566,0.13987138263665594,0.13987138263665594,0.13987138263665594,0.13987138263665594,0.1463022508038585,0.2797427652733119,0.13987138263665594,0.0,0.14469453376205788
0.044444444444444446,0.044444444444444446,0.044444444444444446,0.04555555555555556,0.051111111111111114,0.044444444444444446,0.044444444444444446,0.044444444444444446,0.044444444444444446,0.044444444444444446,0.044444444444444446,0.04555555555555556,0.04555555555555556,0.04555555555555556,0.044444444444444446,0.0,0.044444444444444446,0.044444444444444446,0.044444444444444446,0.04666666666666667,0.14444444444444446,0.044444444444444446,0.044444444444444446,0.044444444444444446,0.044444444444444446,0.044444444444444446,0.044444444444444446,0.051111111111111114,0.05666666666666667,0.04666666666666667,0.044444444444444446,0.044444444444444446,0.044444444444444446,0.044444444444444446,0.07666666666666666,0.7688888888888888,0.06888888888888889,0.044444444444444446,0.044444444444444446,0.044444444444444446,0.044444444444444446,0.044444444444444446,0.04555555555555556,0.07444444444444445,0.051111111111111114,0.044444444444444446,0.044444444444444446,0.044444444444444446,0.044444444444444446,0.044444444444444446,0.044444444444444446,0.044444444444444446,0.044444444444444446,0.04555555555555556,0.044444444444444446,0.044444444444444446,0.044444444444444446,0.044444444444444446,0.044444444444444446,0.044444444444444446,0.04555555555555556,0.08888888888888889,0.0,0.044444444444444446
0.0,0.0,0.0,0.0,0.0,0.0,0.0,0.0,0.0,0.0,0.0,0.0,0.0,0.0,0.0,0.0,0.0,0.0,0.0,0.0,0.0,0.0,0.0,0.0,0.0,0.0,0.0,0.0,0.0,0.0,0.0,0.0,0.0,0.0,0.0,0.0,0.0,0.0,0.0,0.0,0.0,0.0,0.0,0.0,0.0,0.0,0.0,0.0,0.0,0.0,0.0,0.0,0.0,0.0,0.0,0.0,0.0,0.0,0.0,0.0,0.0,0.0,0.0,0.0
0.00482315112540193,0.00482315112540193,0.00482315112540193,0.00482315112540193,0.00482315112540193,0.00482315112540193,0.00482315112540193,0.00482315112540193,0.00482315112540193,0.00482315112540193,0.00482315112540193,0.00482315112540193,0.00482315112540193,0.00482315112540193,0.00482315112540193,0.0,0.00482315112540193,0.00482315112540193,0.00482315112540193,0.00482315112540193,0.00482315112540193,0.00482315112540193,0.00482315112540193,0.00482315112540193,0.006430868167202572,0.01929260450160772,0.00482315112540193,0.006430868167202572,0.00482315112540193,0.00482315112540193,0.00482315112540193,0.00482315112540193,0.014469453376205789,0.7733118971061093,0.022508038585209004,0.006430868167202572,0.00482315112540193,0.00482315112540193,0.00482315112540193,0.00482315112540193,0.00482315112540193,0.01929260450160772,0.008038585209003215,0.00482315112540193,0.00482315112540193,0.00482315112540193,0.00482315112540193,0.00482315112540193,0.00482315112540193,0.006430868167202572,0.00482315112540193,0.006430868167202572,0.00964630225080386,0.00482315112540193,0.006430868167202572,0.00482315112540193,0.00482315112540193,0.00482315112540193,0.00482315112540193,0.011254019292604502,0.14469453376205788,0.00482315112540193,0.0,0.00964630225080386
